MODEL: 3
PPL: 552.738884654024
lr: 1 

MODEL: 3
PPL: 493.75691797894035
lr: 2 

