MODEL: 3
PPL: 150.06168701368506
lr: [1, 1, 1, 1, 1, 1, 1, 1, 1, 1, 1, 1, 1, 1, 1, 1, 1, 1, 1, 1, 1, 1, 1, 1, 1, 1, 1, 1, 1, 1, 1, 1, 1, 1, 1] 

MODEL: 2
PPL: 150.06168701368506

MODEL: 1
PPL: 150.06168701368506